0 -9 
0 -4 
0 -2 
1 -3 36 
12 -1 25 36 50 75 52 76 51 58 -9 -4 -2 -5 
0 -14 
3 -4 33 -6 58 
3 -2 -2 -10 58 
1 -16 -5 
1 -14 -15 
1 -15 -16 
1 -16 -17 
1 -17 36 
1 -18 36 
0 -12 
3 -3 -3 52 36 
3 -6 -3 56 -7 
1 -7 -8 
1 -8 37 
1 -8 38 
3 -10 -11 -4 -5 
3 -5 3 -14 10 
1 -21 -22 
1 -22 -23 
1 -23 -29 
1 -23 36 
1 -29 37 
1 -29 38 
1 -24 40 
1 -24 41 
1 -28 77 
1 -28 78 
3 -15 -15 58 -16 
3 -16 -18 57 -19 
1 -19 -21 
1 -20 -19 
1 -26 40 
1 -26 41 
1 -25 46 
1 -25 45 
1 -25 44 
1 -25 48 
1 -25 47 
1 -25 49 
1 -27 42 
1 -27 43 
2 -21 -24 -22 
2 -28 20 -28 
4 -11 24 36 -12 58 
5 -6 -6 58 -3 56 -7 
4 -17 36 50 -20 51 
4 -18 36 61 -19 62 
3 -28 -21 -25 -21 
3 -21 -21 -26 -22 
3 -22 -22 -27 -23 
3 -23 50 -19 51 
3 -28 50 -28 51 
4 -16 34 -28 7 -16 
3 -12 50 -13 51 
3 -20 -20 52 -19 
4 -23 36 50 -20 51 
6 -11 13 36 -12 56 -8 58 
3 -13 -3 56 -7 
6 -16 15 -28 29 -16 9 -16 
5 -13 -13 58 -3 56 -7 
8 -7 2 61 37 55 37 62 21 -8 
