0 -9 
0 -4 
0 -2 
1 -3 36 
12 -1 25 36 50 75 52 76 51 58 -9 -4 -2 -5 
0 -17 
3 -4 33 -6 58 
3 -2 -2 -13 58 
1 -19 -5 
1 -17 -18 
1 -18 -19 
1 -19 -20 
1 -20 36 
1 -21 36 
0 -10 
0 -15 
3 -3 -3 52 36 
3 -6 -3 56 -7 
1 -7 -8 
1 -8 37 
1 -8 38 
3 -13 -14 -4 -5 
3 -5 3 -17 10 
0 -33 
1 -24 -25 
1 -25 -26 
1 -26 -32 
1 -26 36 
1 -32 37 
1 -32 38 
1 -27 40 
1 -27 41 
1 -31 77 
1 -31 78 
3 -19 -21 57 -22 
1 -22 -24 
1 -23 -22 
1 -29 40 
1 -29 41 
1 -28 46 
1 -28 45 
1 -28 44 
1 -28 48 
1 -28 47 
1 -28 49 
1 -30 42 
1 -30 43 
2 -24 -27 -25 
2 -31 20 -31 
4 -14 24 36 -15 58 
5 -6 -6 58 -3 56 -7 
4 -18 -18 58 -33 -19 
4 -20 36 50 -23 51 
4 -21 36 61 -22 62 
3 -31 -24 -28 -24 
3 -24 -24 -29 -25 
3 -25 -25 -30 -26 
3 -26 50 -22 51 
3 -31 50 -31 51 
0 -11 
3 -15 50 -16 51 
3 -23 -23 52 -22 
0 -12 
4 -26 36 50 -23 51 
6 -14 13 36 -15 56 -8 58 
3 -16 -3 56 -7 
6 -19 34 -10 -31 7 -11 -19 
5 -16 -16 58 -3 56 -7 
8 -7 2 61 37 55 37 62 21 -8 
9 -19 15 -31 29 -10 -19 -12 9 -11 -19 
